10. 10. 5.83333
10. 10.7711 5.96005
10. 11.6016 6.09287
10. 12.4961 6.2322
10. 13.4596 6.37855
10. 14.4974 6.53254
10. 15.6152 6.69486
10. 16.8192 6.8663
10. 18.1161 7.04775
10. 19.5129 7.24016
10. 21.0175 7.31739
10. 22.638 7.33238
10. 24.3835 7.34611
10. 26.2636 7.35867
10. 28.2887 7.37016
10. 30.4699 7.38066
10. 32.8193 7.39026
10. 35.3498 7.39905
10. 38.0755 7.40709
10. 41.0113 7.41444
10. 44.1734 7.42118
10. 47.5794 7.42735
10. 51.2481 7.43301
10. 55.1995 7.4382
10. 59.4557 7.44297
10. 64.04 7.44735
10. 68.9779 7.45137
10. 74.2964 7.45508
10. 80.025 7.45848
10. 86.1954 7.46162
10. 92.8415 7.46451
10. 100. 7.46717
10.7711 10. 5.96006
10.7711 10.7711 6.28311
10.7711 11.6016 6.41961
10.7711 12.4961 6.56266
10.7711 13.4596 6.71273
10.7711 14.4974 6.87037
10.7711 15.6152 7.03623
10.7711 16.8192 7.21107
10.7711 18.1161 7.39573
10.7711 19.5129 7.59154
10.7711 21.0175 7.79841
10.7711 22.638 7.8816
10.7711 24.3835 7.89775
10.7711 26.2636 7.91253
10.7711 28.2887 7.92606
10.7711 30.4699 7.93843
10.7711 32.8193 7.94975
10.7711 35.3498 7.96009
10.7711 38.0755 7.96955
10.7711 41.0113 7.97821
10.7711 44.1734 7.98613
10.7711 47.5794 7.99339
10.7711 51.2481 8.00003
10.7711 55.1995 8.00613
10.7711 59.4557 8.01173
10.7711 64.04 8.01686
10.7711 68.9779 8.02158
10.7711 74.2964 8.02591
10.7711 80.025 8.0299
10.7711 86.1954 8.03357
10.7711 92.8415 8.03695
10.7711 100. 8.04006
11.6016 10. 6.09287
11.6016 10.7711 6.41961
11.6016 11.6016 6.76757
11.6016 12.4961 6.91459
11.6016 13.4596 7.06867
11.6016 14.4974 7.23031
11.6016 15.6152 7.40011
11.6016 16.8192 7.57876
11.6016 18.1161 7.76708
11.6016 19.5129 7.96598
11.6016 21.0175 8.17608
11.6016 22.638 8.39971
11.6016 24.3835 8.48931
11.6016 26.2636 8.5067
11.6016 28.2887 8.52263
11.6016 30.4699 8.5372
11.6016 32.8193 8.55053
11.6016 35.3498 8.56271
11.6016 38.0755 8.57385
11.6016 41.0113 8.58405
11.6016 44.1734 8.59337
11.6016 47.5794 8.6019
11.6016 51.2481 8.60972
11.6016 55.1995 8.61688
11.6016 59.4557 8.62345
11.6016 64.04 8.62947
11.6016 68.9779 8.635
11.6016 74.2964 8.64008
11.6016 80.025 8.64475
11.6016 86.1954 8.64904
11.6016 92.8415 8.653
11.6016 100. 8.65664
12.4961 10. 6.2322
12.4961 10.7711 6.56266
12.4961 11.6016 6.91459
12.4961 12.4961 7.28939
12.4961 13.4596 7.44774
12.4961 14.4974 7.6137
12.4961 15.6152 7.78781
12.4961 16.8192 7.9707
12.4961 18.1161 8.16312
12.4961 19.5129 8.36596
12.4961 21.0175 8.5802
12.4961 22.638 8.80693
12.4961 24.3835 9.04735
12.4961 26.2636 9.14388
12.4961 28.2887 9.16261
12.4961 30.4699 9.17977
12.4961 32.8193 9.19546
12.4961 35.3498 9.20982
12.4961 38.0755 9.22294
12.4961 41.0113 9.23494
12.4961 44.1734 9.24592
12.4961 47.5794 9.25596
12.4961 51.2481 9.26515
12.4961 55.1995 9.27357
12.4961 59.4557 9.28129
12.4961 64.04 9.28836
12.4961 68.9779 9.29484
12.4961 74.2964 9.30081
12.4961 80.025 9.30628
12.4961 86.1954 9.31131
12.4961 92.8415 9.31593
12.4961 100. 9.32019
13.4596 10. 6.37855
13.4596 10.7711 6.71273
13.4596 11.6016 7.06867
13.4596 12.4961 7.44774
13.4596 13.4596 7.85144
13.4596 14.4974 8.022
13.4596 15.6152 8.20076
13.4596 16.8192 8.38819
13.4596 18.1161 8.58519
13.4596 19.5129 8.79262
13.4596 21.0175 9.01102
13.4596 22.638 9.24177
13.4596 24.3835 9.48599
13.4596 26.2636 9.74489
13.4596 28.2887 9.84892
13.4596 30.4699 9.8691
13.4596 32.8193 9.88757
13.4596 35.3498 9.90448
13.4596 38.0755 9.91994
13.4596 41.0113 9.93408
13.4596 44.1734 9.947
13.4596 47.5794 9.95883
13.4596 51.2481 9.96964
13.4596 55.1995 9.97954
13.4596 59.4557 9.98861
13.4596 64.04 9.99692
13.4596 68.9779 10.0045
13.4596 74.2964 10.0115
13.4596 80.025 10.0179
13.4596 86.1954 10.0238
13.4596 92.8415 10.0293
13.4596 100. 10.0342
14.4974 10. 6.53254
14.4974 10.7711 6.87037
14.4974 11.6016 7.23031
14.4974 12.4961 7.6137
14.4974 13.4596 8.022
14.4974 14.4974 8.45682
14.4974 15.6152 8.64053
14.4974 16.8192 8.83308
14.4974 18.1161 9.03507
14.4974 19.5129 9.24724
14.4974 21.0175 9.47049
14.4974 22.638 9.70581
14.4974 24.3835 9.95436
14.4974 26.2636 10.2174
14.4974 28.2887 10.4963
14.4974 30.4699 10.6083
14.4974 32.8193 10.6301
14.4974 35.3498 10.65
14.4974 38.0755 10.6682
14.4974 41.0113 10.6848
14.4974 44.1734 10.7
14.4974 47.5794 10.714
14.4974 51.2481 10.7267
14.4974 55.1995 10.7384
14.4974 59.4557 10.749
14.4974 64.04 10.7588
14.4974 68.9779 10.7677
14.4974 74.2964 10.7759
14.4974 80.025 10.7835
14.4974 86.1954 10.7904
14.4974 92.8415 10.7967
14.4974 100. 10.8026
15.6152 10. 6.69486
15.6152 10.7711 7.03623
15.6152 11.6016 7.40011
15.6152 12.4961 7.78781
15.6152 13.4596 8.20076
15.6152 14.4974 8.64053
15.6152 15.6152 9.10888
15.6152 16.8192 9.30667
15.6152 18.1161 9.51415
15.6152 19.5129 9.73172
15.6152 21.0175 9.95996
15.6152 22.638 10.2009
15.6152 24.3835 10.4542
15.6152 26.2636 10.7219
15.6152 28.2887 11.0052
15.6152 30.4699 11.3056
15.6152 32.8193 11.4263
15.6152 35.3498 11.4497
15.6152 38.0755 11.4711
15.6152 41.0113 11.4907
15.6152 44.1734 11.5087
15.6152 47.5794 11.5251
15.6152 51.2481 11.5401
15.6152 55.1995 11.5538
15.6152 59.4557 11.5663
15.6152 64.04 11.5778
15.6152 68.9779 11.5883
15.6152 74.2964 11.598
15.6152 80.025 11.6068
15.6152 86.1954 11.6149
15.6152 92.8415 11.6224
15.6152 100. 11.6292
16.8192 10. 6.8663
16.8192 10.7711 7.21107
16.8192 11.6016 7.57876
16.8192 12.4961 7.9707
16.8192 13.4596 8.38819
16.8192 14.4974 8.83298
16.8192 15.6152 9.30667
16.8192 16.8192 9.81123
16.8192 18.1161 10.0244
16.8192 19.5129 10.2477
16.8192 21.0175 10.4822
16.8192 22.638 10.7282
16.8192 24.3835 10.9869
16.8192 26.2636 11.26
16.8192 28.2887 11.5486
16.8192 30.4699 11.8538
16.8192 32.8193 12.1773
16.8192 35.3498 12.3073
16.8192 38.0755 12.3326
16.8192 41.0113 12.3556
16.8192 44.1734 12.3767
16.8192 47.5794 12.396
16.8192 51.2481 12.4137
16.8192 55.1995 12.4299
16.8192 59.4557 12.4446
16.8192 64.04 12.4582
16.8192 68.9779 12.4705
16.8192 74.2964 12.4819
16.8192 80.025 12.4922
16.8192 86.1954 12.5018
16.8192 92.8415 12.5105
16.8192 100. 12.5185
18.1161 10. 7.04775
18.1161 10.7711 7.39573
18.1161 11.6016 7.76708
18.1161 12.4961 8.16312
18.1161 13.4596 8.58519
18.1161 14.4974 9.03507
18.1161 15.6152 9.51415
18.1161 16.8192 10.0243
18.1161 18.1161 10.5683
18.1161 19.5129 10.7972
18.1161 21.0175 11.0379
18.1161 22.638 11.2905
18.1161 24.3835 11.5556
18.1161 26.2636 11.8344
18.1161 28.2887 12.1285
18.1161 30.4699 12.4388
18.1161 32.8193 12.7682
18.1161 35.3498 13.1163
18.1161 38.0755 13.2563
18.1161 41.0113 13.2834
18.1161 44.1734 13.3083
18.1161 47.5794 13.331
18.1161 51.2481 13.3518
18.1161 55.1995 13.3709
18.1161 59.4557 13.3883
18.1161 64.04 13.4042
18.1161 68.9779 13.4187
18.1161 74.2964 13.4321
18.1161 80.025 13.4443
18.1161 86.1954 13.4555
18.1161 92.8415 13.4657
18.1161 100. 13.4751
19.5129 10. 7.24016
19.5129 10.7711 7.59083
19.5129 11.6016 7.96598
19.5129 12.4961 8.36596
19.5129 13.4596 8.79262
19.5129 14.4974 9.24717
19.5129 15.6152 9.73172
19.5129 16.8192 10.2477
19.5129 18.1161 10.7972
19.5129 19.5129 11.3822
19.5129 21.0175 11.6298
19.5129 22.638 11.889
19.5129 24.3835 12.1614
19.5129 26.2636 12.4475
19.5129 28.2887 12.7469
19.5129 30.4699 13.0637
19.5129 32.8193 13.3982
19.5129 35.3498 13.7521
19.5129 38.0755 14.1275
19.5129 41.0113 14.2783
19.5129 44.1734 14.3076
19.5129 47.5794 14.3344
19.5129 51.2481 14.3589
19.5129 55.1995 14.3813
19.5129 59.4557 14.4018
19.5129 64.04 14.4206
19.5129 68.9779 14.4377
19.5129 74.2964 14.4534
19.5129 80.025 14.4678
19.5129 86.1954 14.4809
19.5129 92.8415 14.4929
19.5129 100. 14.504
21.0175 10. 7.31739
21.0175 10.7711 7.79841
21.0175 11.6016 8.17648
21.0175 12.4961 8.5802
21.0175 13.4596 9.01102
21.0175 14.4974 9.47043
21.0175 15.6152 9.96025
21.0175 16.8192 10.4822
21.0175 18.1161 11.0379
21.0175 19.5129 11.63
21.0175 21.0175 12.2602
21.0175 22.638 12.5265
21.0175 24.3835 12.8052
21.0175 26.2636 13.0985
21.0175 28.2887 13.4061
21.0175 30.4699 13.7298
21.0175 32.8193 14.0709
21.0175 35.3498 14.432
21.0175 38.0755 14.8133
21.0175 41.0113 15.2169
21.0175 44.1734 15.38
21.0175 47.5794 15.4108
21.0175 51.2481 15.4397
21.0175 55.1995 15.4661
21.0175 59.4557 15.4902
21.0175 64.04 15.5124
21.0175 68.9779 15.5325
21.0175 74.2964 15.5509
21.0175 80.025 15.5678
21.0175 86.1954 15.5833
21.0175 92.8415 15.5974
21.0175 100. 15.6104
22.638 10. 7.33238
22.638 10.7711 7.8816
22.638 11.6016 8.39969
22.638 12.4961 8.80693
22.638 13.4596 9.24188
22.638 14.4974 9.70576
22.638 15.6152 10.2007
22.638 16.8192 10.7282
22.638 18.1161 11.2905
22.638 19.5129 11.8892
22.638 21.0175 12.5268
22.638 22.638 13.2055
22.638 24.3835 13.4921
22.638 26.2636 13.7931
22.638 28.2887 14.1085
22.638 30.4699 14.4398
22.638 32.8193 14.7884
22.638 35.3498 15.1559
22.638 38.0755 15.544
22.638 41.0113 15.9547
22.638 44.1734 16.3905
22.638 47.5794 16.5653
22.638 51.2481 16.5991
22.638 55.1995 16.6302
22.638 59.4557 16.6586
22.638 64.04 16.6846
22.638 68.9779 16.7084
22.638 74.2964 16.7301
22.638 80.025 16.75
22.638 86.1954 16.7682
22.638 92.8415 16.7848
22.638 100. 16.8001
24.3835 10. 7.34611
24.3835 10.7711 7.89775
24.3835 11.6016 8.48931
24.3835 12.4961 9.04737
24.3835 13.4596 9.48599
24.3835 14.4974 9.95433
24.3835 15.6152 10.4541
24.3835 16.8192 10.9872
24.3835 18.1161 11.5556
24.3835 19.5129 12.1601
24.3835 21.0175 12.8054
24.3835 22.638 13.4924
24.3835 24.3835 14.2237
24.3835 26.2636 14.5327
24.3835 28.2887 14.8566
24.3835 30.4699 15.1967
24.3835 32.8193 15.5532
24.3835 35.3498 15.9285
24.3835 38.0755 16.3243
24.3835 41.0113 16.7425
24.3835 44.1734 17.1849
24.3835 47.5794 17.6541
24.3835 51.2481 17.8424
24.3835 55.1995 17.8789
24.3835 59.4557 17.9124
24.3835 64.04 17.943
24.3835 68.9779 17.9711
24.3835 74.2964 17.9966
24.3835 80.025 18.0202
24.3835 86.1954 18.0415
24.3835 92.8415 18.0611
24.3835 100. 18.079
26.2636 10. 7.35867
26.2636 10.7711 7.91253
26.2636 11.6016 8.5067
26.2636 12.4961 9.14388
26.2636 13.4596 9.74496
26.2636 14.4974 10.2174
26.2636 15.6152 10.7219
26.2636 16.8192 11.2602
26.2636 18.1161 11.8344
26.2636 19.5129 12.4464
26.2636 21.0175 13.0985
26.2636 22.638 13.793
26.2636 24.3835 14.5327
26.2636 26.2636 15.3205
26.2636 28.2887 15.6533
26.2636 30.4699 16.0022
26.2636 32.8193 16.368
26.2636 35.3498 16.7522
26.2636 38.0755 17.1568
26.2636 41.0113 17.5833
26.2636 44.1734 18.0334
26.2636 47.5794 18.51
26.2636 51.2481 19.0156
26.2636 55.1995 19.2184
26.2636 59.4557 19.2575
26.2636 64.04 19.2936
26.2636 68.9779 19.3265
26.2636 74.2964 19.3572
26.2636 80.025 19.3843
26.2636 86.1954 19.4095
26.2636 92.8415 19.4326
26.2636 100. 19.4537
28.2887 10. 7.37016
28.2887 10.7711 7.92606
28.2887 11.6016 8.52263
28.2887 12.4961 9.16261
28.2887 13.4596 9.84892
28.2887 14.4974 10.4964
28.2887 15.6152 11.0052
28.2887 16.8192 11.5486
28.2887 18.1161 12.1285
28.2887 19.5129 12.7469
28.2887 21.0175 13.4064
28.2887 22.638 14.1085
28.2887 24.3835 14.8566
28.2887 26.2636 15.653
28.2887 28.2887 16.5018
28.2887 30.4699 16.8599
28.2887 32.8193 17.2359
28.2887 35.3498 17.6297
28.2887 38.0755 18.044
28.2887 41.0113 18.4797
28.2887 44.1734 18.9389
28.2887 47.5794 19.4238
28.2887 51.2481 19.9386
28.2887 55.1995 20.4814
28.2887 59.4557 20.7
28.2887 64.04 20.7424
28.2887 68.9779 20.7812
28.2887 74.2964 20.8171
28.2887 80.025 20.8494
28.2887 86.1954 20.8789
28.2887 92.8415 20.9063
28.2887 100. 20.9309
30.4699 10. 7.38066
30.4699 10.7711 7.93843
30.4699 11.6016 8.5372
30.4699 12.4961 9.17977
30.4699 13.4596 9.8691
30.4699 14.4974 10.6083
30.4699 15.6152 11.3057
30.4699 16.8192 11.8538
30.4699 18.1161 12.439
30.4699 19.5129 13.0637
30.4699 21.0175 13.7298
30.4699 22.638 14.4398
30.4699 24.3835 15.1961
30.4699 26.2636 16.0019
30.4699 28.2887 16.8602
30.4699 30.4699 17.7741
30.4699 32.8193 18.1594
30.4699 35.3498 18.5648
30.4699 38.0755 18.9896
30.4699 41.0113 19.4352
30.4699 44.1734 19.9044
30.4699 47.5794 20.3992
30.4699 51.2481 20.9216
30.4699 55.1995 21.4744
30.4699 59.4557 22.0607
30.4699 64.04 22.2959
30.4699 68.9779 22.3416
30.4699 74.2964 22.3835
30.4699 80.025 22.4225
30.4699 86.1954 22.4568
30.4699 92.8415 22.4888
30.4699 100. 22.5181
32.8193 10. 7.39027
32.8193 10.7711 7.94975
32.8193 11.6016 8.55053
32.8193 12.4961 9.19546
32.8193 13.4596 9.88757
32.8193 14.4974 10.6301
32.8193 15.6152 11.4263
32.8193 16.8192 12.1774
32.8193 18.1161 12.7676
32.8193 19.5129 13.3983
32.8193 21.0175 14.0704
32.8193 22.638 14.7884
32.8193 24.3835 15.5527
32.8193 26.2636 16.3677
32.8193 28.2887 17.2359
32.8193 30.4699 18.16
32.8193 32.8193 19.1437
32.8193 35.3498 19.5603
32.8193 38.0755 19.9964
32.8193 41.0113 20.4536
32.8193 44.1734 20.9341
32.8193 47.5794 21.4393
32.8193 51.2481 21.972
32.8193 55.1995 22.5347
32.8193 59.4557 23.1302
32.8193 64.04 23.7617
32.8193 68.9779 24.0152
32.8193 74.2964 24.064
32.8193 80.025 24.1094
32.8193 86.1954 24.1508
32.8193 92.8415 24.1886
32.8193 100. 24.2228
35.3498 10. 7.39905
35.3498 10.7711 7.96009
35.3498 11.6016 8.56271
35.3498 12.4961 9.20982
35.3498 13.4596 9.90448
35.3498 14.4974 10.65
35.3498 15.6152 11.4497
35.3498 16.8192 12.3072
35.3498 18.1161 13.1163
35.3498 19.5129 13.752
35.3498 21.0175 14.431
35.3498 22.638 15.1558
35.3498 24.3835 15.928
35.3498 26.2636 16.7524
35.3498 28.2887 17.63
35.3498 30.4699 18.5649
35.3498 32.8193 19.5596
35.3498 35.3498 20.6204
35.3498 38.0755 21.0685
35.3498 41.0113 21.5381
35.3498 44.1734 22.0301
35.3498 47.5794 22.548
35.3498 51.2481 23.0924
35.3498 55.1995 23.6668
35.3498 59.4557 24.2722
35.3498 64.04 24.9136
35.3498 68.9779 25.5938
35.3498 74.2964 25.8667
35.3498 80.025 25.92
35.3498 86.1954 25.9683
35.3498 92.8415 26.0124
35.3498 100. 26.0533
38.0755 10. 7.40709
38.0755 10.7711 7.96955
38.0755 11.6016 8.57386
38.0755 12.4961 9.22294
38.0755 13.4596 9.91994
38.0755 14.4974 10.6682
38.0755 15.6152 11.4711
38.0755 16.8192 12.3324
38.0755 18.1161 13.2563
38.0755 19.5129 14.1277
38.0755 21.0175 14.8123
38.0755 22.638 15.5438
38.0755 24.3835 16.324
38.0755 26.2636 17.1561
38.0755 28.2887 18.0439
38.0755 30.4699 18.9893
38.0755 32.8193 19.9954
38.0755 35.3498 21.0684
38.0755 38.0755 22.2105
38.0755 41.0113 22.6929
38.0755 44.1734 23.1982
38.0755 47.5794 23.7292
38.0755 51.2481 24.2865
38.0755 55.1995 24.8728
38.0755 59.4557 25.4907
38.0755 64.04 26.1436
38.0755 68.9779 26.8345
38.0755 74.2964 27.5672
38.0755 80.025 27.8612
38.0755 86.1954 27.9184
38.0755 92.8415 27.9705
38.0755 100. 28.0183
41.0113 10. 7.41444
41.0113 10.7711 7.97821
41.0113 11.6016 8.58405
41.0113 12.4961 9.23494
41.0113 13.4596 9.93408
41.0113 14.4974 10.6848
41.0113 15.6152 11.4907
41.0113 16.8192 12.3556
41.0113 18.1161 13.2834
41.0113 19.5129 14.2806
41.0113 21.0175 15.2169
41.0113 22.638 15.9544
41.0113 24.3835 16.7424
41.0113 26.2636 17.5825
41.0113 28.2887 18.4797
41.0113 30.4699 19.4354
41.0113 32.8193 20.4527
41.0113 35.3498 21.5381
41.0113 38.0755 22.693
41.0113 41.0113 23.9231
41.0113 44.1734 24.4422
41.0113 47.5794 24.9875
41.0113 51.2481 25.5589
41.0113 55.1995 26.1591
41.0113 59.4557 26.7906
41.0113 64.04 27.4563
41.0113 68.9779 28.1594
41.0113 74.2964 28.9034
41.0113 80.025 29.6926
41.0113 86.1954 30.0094
41.0113 92.8415 30.071
41.0113 100. 30.1274
44.1734 10. 7.42118
44.1734 10.7711 7.98613
44.1734 11.6016 8.59337
44.1734 12.4961 9.24592
44.1734 13.4596 9.947
44.1734 14.4974 10.7
44.1734 15.6152 11.5087
44.1734 16.8192 12.3767
44.1734 18.1161 13.3083
44.1734 19.5129 14.3076
44.1734 21.0175 15.3793
44.1734 22.638 16.3903
44.1734 24.3835 17.1839
44.1734 26.2636 18.0328
44.1734 28.2887 18.9389
44.1734 30.4699 19.9046
44.1734 32.8193 20.9332
44.1734 35.3498 22.0306
44.1734 38.0755 23.1991
44.1734 41.0113 24.4431
44.1734 44.1734 25.7675
44.1734 47.5794 26.3271
44.1734 51.2481 26.9145
44.1734 55.1995 27.5304
44.1734 59.4557 28.1764
44.1734 64.04 28.8567
44.1734 68.9779 29.5742
44.1734 74.2964 30.3308
44.1734 80.025 31.1318
44.1734 86.1954 31.9829
44.1734 92.8415 32.3235
44.1734 100. 32.3899
47.5794 10. 7.42734
47.5794 10.7711 7.99339
47.5794 11.6016 8.6019
47.5794 12.4961 9.25596
47.5794 13.4596 9.95883
47.5794 14.4974 10.714
47.5794 15.6152 11.5251
47.5794 16.8192 12.396
47.5794 18.1161 13.331
47.5794 19.5129 14.3344
47.5794 21.0175 15.4108
47.5794 22.638 16.5651
47.5794 24.3835 17.6541
47.5794 26.2636 18.5095
47.5794 28.2887 19.4239
47.5794 30.4699 20.3992
47.5794 32.8193 21.4393
47.5794 35.3498 22.5479
47.5794 38.0755 23.7294
47.5794 41.0113 24.9876
47.5794 44.1734 26.3271
47.5794 47.5794 27.7553
47.5794 51.2481 28.3576
47.5794 55.1995 28.9895
47.5794 59.4557 29.6523
47.5794 64.04 30.3487
47.5794 68.9779 31.0815
47.5794 74.2964 31.8538
47.5794 80.025 32.6709
47.5794 86.1954 33.5327
47.5794 92.8415 34.4483
47.5794 100. 34.8157
51.2481 10. 7.43301
51.2481 10.7711 8.00003
51.2481 11.6016 8.60972
51.2481 12.4961 9.26515
51.2481 13.4596 9.96964
51.2481 14.4974 10.7267
51.2481 15.6152 11.5401
51.2481 16.8192 12.4137
51.2481 18.1161 13.3518
51.2481 19.5129 14.3589
51.2481 21.0175 15.4405
51.2481 22.638 16.5991
51.2481 24.3835 17.8424
51.2481 26.2636 19.0152
51.2481 28.2887 19.9371
51.2481 30.4699 20.9207
51.2481 32.8193 21.9712
51.2481 35.3498 23.0914
51.2481 38.0755 24.2858
51.2481 41.0113 25.5582
51.2481 44.1734 26.9129
51.2481 47.5794 28.3568
51.2481 51.2481 29.8939
51.2481 55.1995 30.5433
51.2481 59.4557 31.2257
51.2481 64.04 31.9397
51.2481 68.9779 32.6897
51.2481 74.2964 33.4789
51.2481 80.025 34.3098
51.2481 86.1954 35.1894
51.2481 92.8415 36.1174
51.2481 100. 37.1053
55.1995 10. 7.4382
55.1995 10.7711 8.00613
55.1995 11.6016 8.61687
55.1995 12.4961 9.27357
55.1995 13.4596 9.97954
55.1995 14.4974 10.7384
55.1995 15.6152 11.5538
55.1995 16.8192 12.4299
55.1995 18.1161 13.3709
55.1995 19.5129 14.3814
55.1995 21.0175 15.4661
55.1995 22.638 16.6302
55.1995 24.3835 17.8789
55.1995 26.2636 19.218
55.1995 28.2887 20.4815
55.1995 30.4699 21.475
55.1995 32.8193 22.5346
55.1995 35.3498 23.666
55.1995 38.0755 24.873
55.1995 41.0113 26.1593
55.1995 44.1734 27.5293
55.1995 47.5794 28.9894
55.1995 51.2481 30.5446
55.1995 55.1995 32.1997
55.1995 59.4557 32.8993
55.1995 64.04 33.6321
55.1995 68.9779 34.4012
55.1995 74.2964 35.2094
55.1995 80.025 36.059
55.1995 86.1954 36.9551
55.1995 92.8415 37.9017
55.1995 100. 38.903
59.4557 10. 7.44297
59.4557 10.7711 8.01173
59.4557 11.6016 8.62345
59.4557 12.4961 9.28129
59.4557 13.4596 9.98861
59.4557 14.4974 10.749
59.4557 15.6152 11.5663
59.4557 16.8192 12.4446
59.4557 18.1161 13.3883
59.4557 19.5129 14.4018
59.4557 21.0175 15.4902
59.4557 22.638 16.6586
59.4557 24.3835 17.9124
59.4557 26.2636 19.2575
59.4557 28.2887 20.6999
59.4557 30.4699 22.0607
59.4557 32.8193 23.1302
59.4557 35.3498 24.2715
59.4557 38.0755 25.4918
59.4557 41.0113 26.7916
59.4557 44.1734 28.1766
59.4557 47.5794 29.6534
59.4557 51.2481 31.2256
59.4557 55.1995 32.8988
59.4557 59.4557 34.6821
59.4557 64.04 35.4368
59.4557 68.9779 36.2275
59.4557 74.2964 37.0551
59.4557 80.025 37.925
59.4557 86.1954 38.8405
59.4557 92.8415 39.8049
59.4557 100. 40.8248
64.04 10. 7.44735
64.04 10.7711 8.01686
64.04 11.6016 8.62947
64.04 12.4961 9.28836
64.04 13.4596 9.99692
64.04 14.4974 10.7588
64.04 15.6152 11.5778
64.04 16.8192 12.4582
64.04 18.1161 13.4042
64.04 19.5129 14.4206
64.04 21.0175 15.5123
64.04 22.638 16.6846
64.04 24.3835 17.9431
64.04 26.2636 19.2936
64.04 28.2887 20.7423
64.04 30.4699 22.2964
64.04 32.8193 23.7617
64.04 35.3498 24.9134
64.04 38.0755 26.1436
64.04 41.0113 27.4563
64.04 44.1734 28.8559
64.04 47.5794 30.3487
64.04 51.2481 31.9387
64.04 55.1995 33.6322
64.04 59.4557 35.4358
64.04 64.04 37.3569
64.04 68.9779 38.1681
64.04 74.2964 39.0186
64.04 80.025 39.9109
64.04 86.1954 40.8481
64.04 92.8415 41.8343
64.04 100. 42.8741
68.9779 10. 7.45137
68.9779 10.7711 8.02158
68.9779 11.6016 8.635
68.9779 12.4961 9.29485
68.9779 13.4596 10.0045
68.9779 14.4974 10.7677
68.9779 15.6152 11.5883
68.9779 16.8192 12.4705
68.9779 18.1161 13.4187
68.9779 19.5129 14.4377
68.9779 21.0175 15.5325
68.9779 22.638 16.7084
68.9779 24.3835 17.9711
68.9779 26.2636 19.3265
68.9779 28.2887 20.7812
68.9779 30.4699 22.3417
68.9779 32.8193 24.0151
68.9779 35.3498 25.5928
68.9779 38.0755 26.8379
68.9779 41.0113 28.1597
68.9779 44.1734 29.5731
68.9779 47.5794 31.0815
68.9779 51.2481 32.6888
68.9779 55.1995 34.4014
68.9779 59.4557 36.2256
68.9779 64.04 38.1682
68.9779 68.9779 40.2371
68.9779 74.2964 41.1116
68.9779 80.025 42.0278
68.9779 86.1954 42.9883
68.9779 92.8415 43.9979
68.9779 100. 45.0627
74.2964 10. 7.45507
74.2964 10.7711 8.02591
74.2964 11.6016 8.64008
74.2964 12.4961 9.30081
74.2964 13.4596 10.0115
74.2964 14.4974 10.7759
74.2964 15.6152 11.598
74.2964 16.8192 12.4819
74.2964 18.1161 13.4321
74.2964 19.5129 14.4534
74.2964 21.0175 15.5509
74.2964 22.638 16.7301
74.2964 24.3835 17.9965
74.2964 26.2636 19.3568
74.2964 28.2887 20.8167
74.2964 30.4699 22.3835
74.2964 32.8193 24.0644
74.2964 35.3498 25.8667
74.2964 38.0755 27.5671
74.2964 41.0113 28.9039
74.2964 44.1734 30.3305
74.2964 47.5794 31.8539
74.2964 51.2481 33.4781
74.2964 55.1995 35.2094
74.2964 59.4557 37.0539
74.2964 64.04 39.0186
74.2964 68.9779 41.1114
74.2964 74.2964 43.3397
74.2964 80.025 44.281
74.2964 86.1954 45.2677
74.2964 92.8415 46.3029
74.2964 100. 47.3901
80.025 10. 7.45848
80.025 10.7711 8.0299
80.025 11.6016 8.64475
80.025 12.4961 9.30628
80.025 13.4596 10.0179
80.025 14.4974 10.7835
80.025 15.6152 11.6068
80.025 16.8192 12.4922
80.025 18.1161 13.4443
80.025 19.5129 14.4678
80.025 21.0175 15.5678
80.025 22.638 16.75
80.025 24.3835 18.0201
80.025 26.2636 19.3842
80.025 28.2887 20.8492
80.025 30.4699 22.4219
80.025 32.8193 24.1094
80.025 35.3498 25.9197
80.025 38.0755 27.8613
80.025 41.0113 29.6928
80.025 44.1734 31.1318
80.025 47.5794 32.6698
80.025 51.2481 34.3099
80.025 55.1995 36.0593
80.025 59.4557 37.9241
80.025 64.04 39.911
80.025 68.9779 42.0273
80.025 74.2964 44.2811
80.025 80.025 46.6813
80.025 86.1954 47.6954
80.025 92.8415 48.7582
80.025 100. 49.8733
86.1954 10. 7.46162
86.1954 10.7711 8.03357
86.1954 11.6016 8.64904
86.1954 12.4961 9.31131
86.1954 13.4596 10.0238
86.1954 14.4974 10.7904
86.1954 15.6152 11.6149
86.1954 16.8192 12.5018
86.1954 18.1161 13.4555
86.1954 19.5129 14.4809
86.1954 21.0175 15.5833
86.1954 22.638 16.7682
86.1954 24.3835 18.0415
86.1954 26.2636 19.4095
86.1954 28.2887 20.8789
86.1954 30.4699 22.4568
86.1954 32.8193 24.1506
86.1954 35.3498 25.9682
86.1954 38.0755 27.9184
86.1954 41.0113 30.0096
86.1954 44.1734 31.982
86.1954 47.5794 33.533
86.1954 51.2481 35.1885
86.1954 55.1995 36.9553
86.1954 59.4557 38.8397
86.1954 64.04 40.8483
86.1954 68.9779 42.9883
86.1954 74.2964 45.2653
86.1954 80.025 47.6954
86.1954 86.1954 50.2806
86.1954 92.8415 51.3729
86.1954 100. 52.5177
92.8415 10. 7.46451
92.8415 10.7711 8.03695
92.8415 11.6016 8.65299
92.8415 12.4961 9.31593
92.8415 13.4596 10.0293
92.8415 14.4974 10.7967
92.8415 15.6152 11.6224
92.8415 16.8192 12.5105
92.8415 18.1161 13.4657
92.8415 19.5129 14.4929
92.8415 21.0175 15.5974
92.8415 22.638 16.7848
92.8415 24.3835 18.0611
92.8415 26.2636 19.4326
92.8415 28.2887 20.9061
92.8415 30.4699 22.4888
92.8415 32.8193 24.1883
92.8415 35.3498 26.0127
92.8415 38.0755 27.9707
92.8415 41.0113 30.0725
92.8415 44.1734 32.3232
92.8415 47.5794 34.4483
92.8415 51.2481 36.1183
92.8415 55.1995 37.9017
92.8415 59.4557 39.8048
92.8415 64.04 41.8344
92.8415 68.9779 43.9989
92.8415 74.2964 46.3029
92.8415 80.025 48.7582
92.8415 86.1954 51.3729
92.8415 92.8415 54.1575
92.8415 100. 55.334
100. 10. 7.46717
100. 10.7711 8.04006
100. 11.6016 8.65664
100. 12.4961 9.32019
100. 13.4596 10.0342
100. 14.4974 10.8026
100. 15.6152 11.6292
100. 16.8192 12.5185
100. 18.1161 13.4751
100. 19.5129 14.504
100. 21.0175 15.6104
100. 22.638 16.8001
100. 24.3835 18.079
100. 26.2636 19.4537
100. 28.2887 20.9309
100. 30.4699 22.5192
100. 32.8193 24.2228
100. 35.3498 26.0581
100. 38.0755 28.0185
100. 41.0113 30.1273
100. 44.1734 32.3894
100. 47.5794 34.8157
100. 51.2481 37.1044
100. 55.1995 38.9032
100. 59.4557 40.8241
100. 64.04 42.8739
100. 68.9779 45.0601
100. 74.2964 47.3903
100. 80.025 49.8732
100. 86.1954 52.5177
100. 92.8415 55.334
100. 100. 58.3333
