10. 10. 7.91667
10. 10.7711 7.88633
10. 11.6016 7.85733
10. 12.4961 7.82982
10. 13.4596 7.8039
10. 14.4974 7.77964
10. 15.6152 7.75704
10. 16.8192 7.7361
10. 18.1161 7.71676
10. 19.5129 7.69896
10. 21.0175 7.68261
10. 22.638 7.66762
10. 24.3835 7.65389
10. 26.2636 7.64133
10. 28.2887 7.62984
10. 30.4699 7.61934
10. 32.8193 7.60974
10. 35.3498 7.60095
10. 38.0755 7.59291
10. 41.0113 7.58556
10. 44.1734 7.57882
10. 47.5794 7.57265
10. 51.2481 7.56699
10. 55.1995 7.56179
10. 59.4557 7.55703
10. 64.04 7.55265
10. 68.9779 7.54862
10. 74.2964 7.54492
10. 80.025 7.54151
10. 86.1954 7.53838
10. 92.8415 7.53549
10. 100. 7.53283
10.7711 10. 8.56099
10.7711 10.7711 8.52708
10.7711 11.6016 8.4944
10.7711 12.4961 8.46317
10.7711 13.4596 8.43353
10.7711 14.4974 8.40562
10.7711 15.6152 8.37949
10.7711 16.8192 8.35515
10.7711 18.1161 8.33259
10.7711 19.5129 8.31176
10.7711 21.0175 8.29259
10.7711 22.638 8.27498
10.7711 24.3835 8.25883
10.7711 26.2636 8.24404
10.7711 28.2887 8.23051
10.7711 30.4699 8.21814
10.7711 32.8193 8.20683
10.7711 35.3498 8.19648
10.7711 38.0755 8.18702
10.7711 41.0113 8.17837
10.7711 44.1734 8.17044
10.7711 47.5794 8.16319
10.7711 51.2481 8.15654
10.7711 55.1995 8.15044
10.7711 59.4557 8.14485
10.7711 64.04 8.13971
10.7711 68.9779 8.135
10.7711 74.2964 8.13066
10.7711 80.025 8.12667
10.7711 86.1954 8.123
10.7711 92.8415 8.11963
10.7711 100. 8.11651
11.6016 10. 9.25869
11.6016 10.7711 9.22109
11.6016 11.6016 9.18456
11.6016 12.4961 9.14936
11.6016 13.4596 9.11572
11.6016 14.4974 9.0838
11.6016 15.6152 9.05374
11.6016 16.8192 9.02559
11.6016 18.1161 8.99937
11.6016 19.5129 8.97508
11.6016 21.0175 8.95264
11.6016 22.638 8.93199
11.6016 24.3835 8.91302
11.6016 26.2636 8.89563
11.6016 28.2887 8.8797
11.6016 30.4699 8.86513
11.6016 32.8193 8.8518
11.6016 35.3498 8.83962
11.6016 38.0755 8.82847
11.6016 41.0113 8.81828
11.6016 44.1734 8.80896
11.6016 47.5794 8.80043
11.6016 51.2481 8.79261
11.6016 55.1995 8.78545
11.6016 59.4557 8.77888
11.6016 64.04 8.77286
11.6016 68.9779 8.76733
11.6016 74.2964 8.76224
11.6016 80.025 8.75757
11.6016 86.1954 8.75328
11.6016 92.8415 8.74933
11.6016 100. 8.74569
12.4961 10. 10.0139
12.4961 10.7711 9.97258
12.4961 11.6016 9.93208
12.4961 12.4961 9.89274
12.4961 13.4596 9.85483
12.4961 14.4974 9.81859
12.4961 15.6152 9.78421
12.4961 16.8192 9.75182
12.4961 18.1161 9.7215
12.4961 19.5129 9.69327
12.4961 21.0175 9.6671
12.4961 22.638 9.64294
12.4961 24.3835 9.62069
12.4961 26.2636 9.60026
12.4961 28.2887 9.58152
12.4961 30.4699 9.56437
12.4961 32.8193 9.54867
12.4961 35.3498 9.53432
12.4961 38.0755 9.5212
12.4961 41.0113 9.50919
12.4961 44.1734 9.49822
12.4961 47.5794 9.48817
12.4961 51.2481 9.47898
12.4961 55.1995 9.47056
12.4961 59.4557 9.46285
12.4961 64.04 9.45578
12.4961 68.9779 9.44929
12.4961 74.2964 9.44333
12.4961 80.025 9.43786
12.4961 86.1954 9.43283
12.4961 92.8415 9.4282
12.4961 100. 9.42395
13.4596 10. 10.8311
13.4596 10.7711 10.786
13.4596 11.6016 10.7415
13.4596 12.4961 10.6979
13.4596 13.4596 10.6555
13.4596 14.4974 10.6147
13.4596 15.6152 10.5756
13.4596 16.8192 10.5387
13.4596 18.1161 10.5038
13.4596 19.5129 10.471
13.4596 21.0175 10.4407
13.4596 22.638 10.4125
13.4596 24.3835 10.3865
13.4596 26.2636 10.3625
13.4596 28.2887 10.3405
13.4596 30.4699 10.3203
13.4596 32.8193 10.3018
13.4596 35.3498 10.2849
13.4596 38.0755 10.2695
13.4596 41.0113 10.2553
13.4596 44.1734 10.2424
13.4596 47.5794 10.2306
13.4596 51.2481 10.2198
13.4596 55.1995 10.2099
13.4596 59.4557 10.2008
13.4596 64.04 10.1925
13.4596 68.9779 10.1849
13.4596 74.2964 10.1779
13.4596 80.025 10.1715
13.4596 86.1954 10.1656
13.4596 92.8415 10.1601
13.4596 100. 10.1552
14.4974 10. 11.7149
14.4974 10.7711 11.6662
14.4974 11.6016 11.6177
14.4974 12.4961 11.5697
14.4974 13.4596 11.5228
14.4974 14.4974 11.4771
14.4974 15.6152 11.4331
14.4974 16.8192 11.3911
14.4974 18.1161 11.3512
14.4974 19.5129 11.3136
14.4974 21.0175 11.2785
14.4974 22.638 11.2457
14.4974 24.3835 11.2153
14.4974 26.2636 11.1873
14.4974 28.2887 11.1615
14.4974 30.4699 11.1378
14.4974 32.8193 11.1161
14.4974 35.3498 11.0962
14.4974 38.0755 11.0779
14.4974 41.0113 11.0613
14.4974 44.1734 11.0461
14.4974 47.5794 11.0321
14.4974 51.2481 11.0194
14.4974 55.1995 11.0078
14.4974 59.4557 10.9971
14.4974 64.04 10.9873
14.4974 68.9779 10.9784
14.4974 74.2964 10.9702
14.4974 80.025 10.9626
14.4974 86.1954 10.9557
14.4974 92.8415 10.9494
14.4974 100. 10.9435
15.6152 10. 12.6704
15.6152 10.7711 12.6181
15.6152 11.6016 12.5657
15.6152 12.4961 12.5135
15.6152 13.4596 12.4618
15.6152 14.4974 12.4112
15.6152 15.6152 12.3621
15.6152 16.8192 12.3148
15.6152 18.1161 12.2694
15.6152 19.5129 12.2264
15.6152 21.0175 12.1863
15.6152 22.638 12.1479
15.6152 24.3835 12.1128
15.6152 26.2636 12.0801
15.6152 28.2887 12.0499
15.6152 30.4699 12.0222
15.6152 32.8193 11.9966
15.6152 35.3498 11.9732
15.6152 38.0755 11.9517
15.6152 41.0113 11.9321
15.6152 44.1734 11.9142
15.6152 47.5794 11.8978
15.6152 51.2481 11.8828
15.6152 55.1995 11.8691
15.6152 59.4557 11.8565
15.6152 64.04 11.845
15.6152 68.9779 11.8345
15.6152 74.2964 11.8249
15.6152 80.025 11.816
15.6152 86.1954 11.8079
15.6152 92.8415 11.8005
15.6152 100. 11.7936
16.8192 10. 13.7029
16.8192 10.7711 13.6473
16.8192 11.6016 13.5911
16.8192 12.4961 13.5346
16.8192 13.4596 13.4784
16.8192 14.4974 13.4228
16.8192 15.6152 13.3683
16.8192 16.8192 13.3152
16.8192 18.1161 13.2642
16.8192 19.5129 13.2155
16.8192 21.0175 13.169
16.8192 22.638 13.1256
16.8192 24.3835 13.0848
16.8192 26.2636 13.047
16.8192 28.2887 13.0115
16.8192 30.4699 12.979
16.8192 32.8193 12.9491
16.8192 35.3498 12.9216
16.8192 38.0755 12.8963
16.8192 41.0113 12.8733
16.8192 44.1734 12.8521
16.8192 47.5794 12.8328
16.8192 51.2481 12.8151
16.8192 55.1995 12.799
16.8192 59.4557 12.7842
16.8192 64.04 12.7707
16.8192 68.9779 12.7583
16.8192 74.2964 12.747
16.8192 80.025 12.7366
16.8192 86.1954 12.7271
16.8192 92.8415 12.7184
16.8192 100. 12.7103
18.1161 10. 14.8183
18.1161 10.7711 14.7595
18.1161 11.6016 14.6996
18.1161 12.4961 14.639
18.1161 13.4596 14.5783
18.1161 14.4974 14.5176
18.1161 15.6152 14.4576
18.1161 16.8192 14.399
18.1161 18.1161 14.3414
18.1161 19.5129 14.287
18.1161 21.0175 14.2344
18.1161 22.638 14.1844
18.1161 24.3835 14.1374
18.1161 26.2636 14.0937
18.1161 28.2887 14.0527
18.1161 30.4699 14.0148
18.1161 32.8193 13.9798
18.1161 35.3498 13.9475
18.1161 38.0755 13.9179
18.1161 41.0113 13.8907
18.1161 44.1734 13.8659
18.1161 47.5794 13.8431
18.1161 51.2481 13.8223
18.1161 55.1995 13.8033
18.1161 59.4557 13.7859
18.1161 64.04 13.77
18.1161 68.9779 13.7554
18.1161 74.2964 13.7421
18.1161 80.025 13.7299
18.1161 86.1954 13.7187
18.1161 92.8415 13.7084
18.1161 100. 13.699
19.5129 10. 16.0228
19.5129 10.7711 15.9612
19.5129 11.6016 15.8975
19.5129 12.4961 15.833
19.5129 13.4596 15.7677
19.5129 14.4974 15.7023
19.5129 15.6152 15.6369
19.5129 16.8192 15.5724
19.5129 18.1161 15.5092
19.5129 19.5129 15.4481
19.5129 21.0175 15.3885
19.5129 22.638 15.3319
19.5129 24.3835 15.2773
19.5129 26.2636 15.2266
19.5129 28.2887 15.1804
19.5129 30.4699 15.1362
19.5129 32.8193 15.0954
19.5129 35.3498 15.0578
19.5129 38.0755 15.0231
19.5129 41.0113 14.9911
19.5129 44.1734 14.9618
19.5129 47.5794 14.935
19.5129 51.2481 14.9105
19.5129 55.1995 14.8881
19.5129 59.4557 14.8676
19.5129 64.04 14.8488
19.5129 68.9779 14.8317
19.5129 74.2964 14.816
19.5129 80.025 14.8017
19.5129 86.1954 14.7885
19.5129 92.8415 14.7765
19.5129 100. 14.7654
21.0175 10. 17.4501
21.0175 10.7711 17.2582
21.0175 11.6016 17.1916
21.0175 12.4961 17.1233
21.0175 13.4596 17.0538
21.0175 14.4974 16.9836
21.0175 15.6152 16.9129
21.0175 16.8192 16.8425
21.0175 18.1161 16.7731
21.0175 19.5129 16.7048
21.0175 21.0175 16.6388
21.0175 22.638 16.5751
21.0175 24.3835 16.5141
21.0175 26.2636 16.4563
21.0175 28.2887 16.4018
21.0175 30.4699 16.3508
21.0175 32.8193 16.3034
21.0175 35.3498 16.2595
21.0175 38.0755 16.2187
21.0175 41.0113 16.1814
21.0175 44.1734 16.1462
21.0175 47.5794 16.1154
21.0175 51.2481 16.0865
21.0175 55.1995 16.0601
21.0175 59.4557 16.036
21.0175 64.04 16.0139
21.0175 68.9779 15.9937
21.0175 74.2964 15.9753
21.0175 80.025 15.9584
21.0175 86.1954 15.9429
21.0175 92.8415 15.9288
21.0175 100. 15.9158
22.638 10. 19.0557
22.638 10.7711 18.7956
22.638 11.6016 18.5889
22.638 12.4961 18.5171
22.638 13.4596 18.4435
22.638 14.4974 18.3688
22.638 15.6152 18.293
22.638 16.8192 18.217
22.638 18.1161 18.1411
22.638 19.5129 18.0662
22.638 21.0175 17.9928
22.638 22.638 17.9218
22.638 24.3835 17.8534
22.638 26.2636 17.7874
22.638 28.2887 17.7252
22.638 30.4699 17.6665
22.638 32.8193 17.6116
22.638 35.3498 17.5604
22.638 38.0755 17.513
22.638 41.0113 17.4692
22.638 44.1734 17.4288
22.638 47.5794 17.3918
22.638 51.2481 17.358
22.638 55.1995 17.3269
22.638 59.4557 17.2984
22.638 64.04 17.2725
22.638 68.9779 17.2487
22.638 74.2964 17.2269
22.638 80.025 17.2071
22.638 86.1954 17.1889
22.638 92.8415 17.1722
22.638 100. 17.157
24.3835 10. 20.7874
24.3835 10.7711 20.5249
24.3835 11.6016 20.2448
24.3835 12.4961 20.0222
24.3835 13.4596 19.9449
24.3835 14.4974 19.8657
24.3835 15.6152 19.7851
24.3835 16.8192 19.7035
24.3835 18.1161 19.6214
24.3835 19.5129 19.5401
24.3835 21.0175 19.4597
24.3835 22.638 19.3804
24.3835 24.3835 19.3036
24.3835 26.2636 19.2297
24.3835 28.2887 19.1589
24.3835 30.4699 19.0914
24.3835 32.8193 19.0286
24.3835 35.3498 18.9695
24.3835 38.0755 18.9146
24.3835 41.0113 18.8634
24.3835 44.1734 18.8162
24.3835 47.5794 18.7728
24.3835 51.2481 18.7329
24.3835 55.1995 18.6964
24.3835 59.4557 18.6629
24.3835 64.04 18.6323
24.3835 68.9779 18.6043
24.3835 74.2964 18.5787
24.3835 80.025 18.5551
24.3835 86.1954 18.5338
24.3835 92.8415 18.5142
24.3835 100. 18.4963
26.2636 10. 22.655
26.2636 10.7711 22.3902
26.2636 11.6016 22.1075
26.2636 12.4961 21.8058
26.2636 13.4596 21.566
26.2636 14.4974 21.4828
26.2636 15.6152 21.3975
26.2636 16.8192 21.3106
26.2636 18.1161 21.2228
26.2636 19.5129 21.1346
26.2636 21.0175 21.0467
26.2636 22.638 20.9599
26.2636 24.3835 20.8747
26.2636 26.2636 20.792
26.2636 28.2887 20.7123
26.2636 30.4699 20.6361
26.2636 32.8193 20.5639
26.2636 35.3498 20.4959
26.2636 38.0755 20.4321
26.2636 41.0113 20.3726
26.2636 44.1734 20.3178
26.2636 47.5794 20.267
26.2636 51.2481 20.22
26.2636 55.1995 20.177
26.2636 59.4557 20.1379
26.2636 64.04 20.1019
26.2636 68.9779 20.0689
26.2636 74.2964 20.0382
26.2636 80.025 20.0112
26.2636 86.1954 19.9859
26.2636 92.8415 19.9629
26.2636 100. 19.9418
28.2887 10. 24.6685
28.2887 10.7711 24.4018
28.2887 11.6016 24.1166
28.2887 12.4961 23.8121
28.2887 13.4596 23.4871
28.2887 14.4974 23.2289
28.2887 15.6152 23.1392
28.2887 16.8192 23.0473
28.2887 18.1161 22.9537
28.2887 19.5129 22.8592
28.2887 21.0175 22.7638
28.2887 22.638 22.6695
28.2887 24.3835 22.576
28.2887 26.2636 22.4845
28.2887 28.2887 22.3952
28.2887 30.4699 22.3097
28.2887 32.8193 22.2273
28.2887 35.3498 22.1497
28.2887 38.0755 22.0763
28.2887 41.0113 22.0076
28.2887 44.1734 21.9437
28.2887 47.5794 21.8845
28.2887 51.2481 21.8297
28.2887 55.1995 21.7794
28.2887 59.4557 21.7331
28.2887 64.04 21.6907
28.2887 68.9779 21.6519
28.2887 74.2964 21.6159
28.2887 80.025 21.5837
28.2887 86.1954 21.5541
28.2887 92.8415 21.5267
28.2887 100. 21.5021
30.4699 10. 26.8392
30.4699 10.7711 26.5706
30.4699 11.6016 26.2833
30.4699 12.4961 25.9762
30.4699 13.4596 25.6481
30.4699 14.4974 25.2981
30.4699 15.6152 25.0199
30.4699 16.8192 24.9233
30.4699 18.1161 24.8245
30.4699 19.5129 24.7236
30.4699 21.0175 24.6217
30.4699 22.638 24.5194
30.4699 24.3835 24.4177
30.4699 26.2636 24.3169
30.4699 28.2887 24.2179
30.4699 30.4699 24.122
30.4699 32.8193 24.0296
30.4699 35.3498 23.9412
30.4699 38.0755 23.8572
30.4699 41.0113 23.7785
30.4699 44.1734 23.7046
30.4699 47.5794 23.6356
30.4699 51.2481 23.5718
30.4699 55.1995 23.5129
30.4699 59.4557 23.4587
30.4699 64.04 23.4089
30.4699 68.9779 23.3632
30.4699 74.2964 23.3213
30.4699 80.025 23.2823
30.4699 86.1954 23.248
30.4699 92.8415 23.216
30.4699 100. 23.1868
32.8193 10. 29.179
32.8193 10.7711 28.9087
32.8193 11.6016 28.6193
32.8193 12.4961 28.3098
32.8193 13.4596 27.9791
32.8193 14.4974 27.6258
32.8193 15.6152 27.2487
32.8193 16.8192 26.9491
32.8193 18.1161 26.8452
32.8193 19.5129 26.7383
32.8193 21.0175 26.6304
32.8193 22.638 26.5201
32.8193 24.3835 26.4099
32.8193 26.2636 26.3003
32.8193 28.2887 26.1916
32.8193 30.4699 26.0855
32.8193 32.8193 25.9819
32.8193 35.3498 25.8824
32.8193 38.0755 25.7872
32.8193 41.0113 25.6969
32.8193 44.1734 25.6118
32.8193 47.5794 25.5322
32.8193 51.2481 25.4581
32.8193 55.1995 25.3893
32.8193 59.4557 25.3258
32.8193 64.04 25.2674
32.8193 68.9779 25.2137
32.8193 74.2964 25.1649
32.8193 80.025 25.1195
32.8193 86.1954 25.0781
32.8193 92.8415 25.0404
32.8193 100. 25.0061
35.3498 10. 31.7008
35.3498 10.7711 31.4289
35.3498 11.6016 31.1377
35.3498 12.4961 30.826
35.3498 13.4596 30.4927
35.3498 14.4974 30.1364
35.3498 15.6152 29.7558
35.3498 16.8192 29.3499
35.3498 18.1161 29.027
35.3498 19.5129 28.9151
35.3498 21.0175 28.8003
35.3498 22.638 28.6833
35.3498 24.3835 28.5652
35.3498 26.2636 28.4463
35.3498 28.2887 28.328
35.3498 30.4699 28.2112
35.3498 32.8193 28.0966
35.3498 35.3498 27.9855
35.3498 38.0755 27.8782
35.3498 41.0113 27.7755
35.3498 44.1734 27.6783
35.3498 47.5794 27.5867
35.3498 51.2481 27.5009
35.3498 55.1995 27.4211
35.3498 59.4557 27.347
35.3498 64.04 27.2787
35.3498 68.9779 27.2157
35.3498 74.2964 27.158
35.3498 80.025 27.1048
35.3498 86.1954 27.0564
35.3498 92.8415 27.0123
35.3498 100. 26.9714
38.0755 10. 34.4184
38.0755 10.7711 34.1451
38.0755 11.6016 33.8522
38.0755 12.4961 33.5385
38.0755 13.4596 33.2029
38.0755 14.4974 32.8438
38.0755 15.6152 32.46
38.0755 16.8192 32.0503
38.0755 18.1161 31.6127
38.0755 19.5129 31.2651
38.0755 21.0175 31.1447
38.0755 22.638 31.0209
38.0755 24.3835 30.895
38.0755 26.2636 30.7676
38.0755 28.2887 30.6398
38.0755 30.4699 30.5124
38.0755 32.8193 30.3865
38.0755 35.3498 30.2631
38.0755 38.0755 30.1432
38.0755 41.0113 30.0278
38.0755 44.1734 29.9173
38.0755 47.5794 29.8125
38.0755 51.2481 29.7139
38.0755 55.1995 29.6215
38.0755 59.4557 29.5356
38.0755 64.04 29.4557
38.0755 68.9779 29.3821
38.0755 74.2964 29.3142
38.0755 80.025 29.252
38.0755 86.1954 29.1948
38.0755 92.8415 29.1427
38.0755 100. 29.0949
41.0113 10. 37.3468
41.0113 10.7711 37.0722
41.0113 11.6016 36.7778
41.0113 12.4961 36.4624
41.0113 13.4596 36.1245
41.0113 14.4974 35.763
41.0113 15.6152 35.3762
41.0113 16.8192 34.9629
41.0113 18.1161 34.5214
41.0113 19.5129 34.048
41.0113 21.0175 33.6759
41.0113 22.638 33.5462
41.0113 24.3835 33.4124
41.0113 26.2636 33.277
41.0113 28.2887 33.1398
41.0113 30.4699 33.0021
41.0113 32.8193 32.865
41.0113 35.3498 32.7292
41.0113 38.0755 32.5966
41.0113 41.0113 32.4674
41.0113 44.1734 32.343
41.0113 47.5794 32.2241
41.0113 51.2481 32.1112
41.0113 55.1995 32.005
41.0113 59.4557 31.9054
41.0113 64.04 31.8128
41.0113 68.9779 31.7269
41.0113 74.2964 31.6476
41.0113 80.025 31.5746
41.0113 86.1954 31.5073
41.0113 92.8415 31.4459
41.0113 100. 31.3895
44.1734 10. 40.5023
44.1734 10.7711 40.2265
44.1734 11.6016 39.9307
44.1734 12.4961 39.6136
44.1734 13.4596 39.2738
44.1734 14.4974 38.9099
44.1734 15.6152 38.5205
44.1734 16.8192 38.1039
44.1734 18.1161 37.6587
44.1734 19.5129 37.1832
44.1734 21.0175 36.6757
44.1734 22.638 36.2724
44.1734 24.3835 36.133
44.1734 26.2636 35.9889
44.1734 28.2887 35.8428
44.1734 30.4699 35.695
44.1734 32.8193 35.5467
44.1734 35.3498 35.3989
44.1734 38.0755 35.2527
44.1734 41.0113 35.1095
44.1734 44.1734 34.9705
44.1734 47.5794 34.8372
44.1734 51.2481 34.7083
44.1734 55.1995 34.5863
44.1734 59.4557 34.4723
44.1734 64.04 34.3651
44.1734 68.9779 34.2649
44.1734 74.2964 34.173
44.1734 80.025 34.0881
44.1734 86.1954 34.0083
44.1734 92.8415 33.9367
44.1734 100. 33.8703
47.5794 10. 43.9021
47.5794 10.7711 43.6252
47.5794 11.6016 43.3281
47.5794 12.4961 43.0095
47.5794 13.4596 42.668
47.5794 14.4974 42.302
47.5794 15.6152 41.9101
47.5794 16.8192 41.4906
47.5794 18.1161 41.042
47.5794 19.5129 40.5624
47.5794 21.0175 40.0502
47.5794 22.638 39.5036
47.5794 24.3835 39.0692
47.5794 26.2636 38.9182
47.5794 28.2887 38.7638
47.5794 30.4699 38.6065
47.5794 32.8193 38.4473
47.5794 35.3498 38.2876
47.5794 38.0755 38.1284
47.5794 41.0113 37.971
47.5794 44.1734 37.8169
47.5794 47.5794 37.6665
47.5794 51.2481 37.5227
47.5794 55.1995 37.3847
47.5794 59.4557 37.2539
47.5794 64.04 37.1306
47.5794 68.9779 37.0151
47.5794 74.2964 36.9076
47.5794 80.025 36.8065
47.5794 86.1954 36.716
47.5794 92.8415 36.6312
47.5794 100. 36.5534
51.2481 10. 47.565
51.2481 10.7711 47.2872
51.2481 11.6016 46.9889
51.2481 12.4961 46.6689
51.2481 13.4596 46.3258
51.2481 14.4974 45.9579
51.2481 15.6152 45.5637
51.2481 16.8192 45.1416
51.2481 18.1161 44.6897
51.2481 19.5129 44.2065
51.2481 21.0175 43.6891
51.2481 22.638 43.1382
51.2481 24.3835 42.5495
51.2481 26.2636 42.0817
51.2481 28.2887 41.9193
51.2481 30.4699 41.7536
51.2481 32.8193 41.5841
51.2481 35.3498 41.4127
51.2481 38.0755 41.2406
51.2481 41.0113 41.0691
51.2481 44.1734 40.8997
51.2481 47.5794 40.7336
51.2481 51.2481 40.5722
51.2481 55.1995 40.4167
51.2481 59.4557 40.2664
51.2481 64.04 40.1254
51.2481 68.9779 39.9926
51.2481 74.2964 39.8682
51.2481 80.025 39.7534
51.2481 86.1954 39.6451
51.2481 92.8415 39.5478
51.2481 100. 39.4548
55.1995 10. 51.5113
55.1995 10.7711 51.2325
55.1995 11.6016 50.9333
55.1995 12.4961 50.612
55.1995 13.4596 50.2674
55.1995 14.4974 49.8977
55.1995 15.6152 49.5015
55.1995 16.8192 49.0769
55.1995 18.1161 48.6222
55.1995 19.5129 48.1355
55.1995 21.0175 47.615
55.1995 22.638 47.0587
55.1995 24.3835 46.4644
55.1995 26.2636 45.8303
55.1995 28.2887 45.3263
55.1995 30.4699 45.1508
55.1995 32.8193 44.9721
55.1995 35.3498 44.7896
55.1995 38.0755 44.6048
55.1995 41.0113 44.4195
55.1995 44.1734 44.2348
55.1995 47.5794 44.0524
55.1995 51.2481 43.873
55.1995 55.1995 43.6996
55.1995 59.4557 43.5321
55.1995 64.04 43.3724
55.1995 68.9779 43.2205
55.1995 74.2964 43.0771
55.1995 80.025 42.9435
55.1995 86.1954 42.8188
55.1995 92.8415 42.7029
55.1995 100. 42.5964
59.4557 10. 55.7627
59.4557 10.7711 55.4831
59.4557 11.6016 55.1828
59.4557 12.4961 54.8605
59.4557 13.4596 54.5144
59.4557 14.4974 54.1432
59.4557 15.6152 53.7451
59.4557 16.8192 53.3183
59.4557 18.1161 52.861
59.4557 19.5129 52.3712
59.4557 21.0175 51.847
59.4557 22.638 51.2864
59.4557 24.3835 50.6871
59.4557 26.2636 50.0471
59.4557 28.2887 49.364
59.4557 30.4699 48.8212
59.4557 32.8193 48.6327
59.4557 35.3498 48.4402
59.4557 38.0755 48.2422
59.4557 41.0113 48.0433
59.4557 44.1734 47.8437
59.4557 47.5794 47.6446
59.4557 51.2481 47.4481
59.4557 55.1995 47.2567
59.4557 59.4557 47.0695
59.4557 64.04 46.8879
59.4557 68.9779 46.7154
59.4557 74.2964 46.5516
59.4557 80.025 46.3978
59.4557 86.1954 46.2535
59.4557 92.8415 46.1199
59.4557 100. 45.9949
64.04 10. 60.3427
64.04 10.7711 60.0623
64.04 11.6016 59.7611
64.04 12.4961 59.4377
64.04 13.4596 59.0905
64.04 14.4974 58.7178
64.04 15.6152 58.3179
64.04 16.8192 57.8891
64.04 18.1161 57.4294
64.04 19.5129 56.9368
64.04 21.0175 56.4093
64.04 22.638 55.8447
64.04 24.3835 55.2408
64.04 26.2636 54.5953
64.04 28.2887 53.9059
64.04 30.4699 53.1698
64.04 32.8193 52.5856
64.04 35.3498 52.3827
64.04 38.0755 52.1747
64.04 41.0113 51.9629
64.04 44.1734 51.7486
64.04 47.5794 51.5337
64.04 51.2481 51.3194
64.04 55.1995 51.1077
64.04 59.4557 50.9002
64.04 64.04 50.6981
64.04 68.9779 50.5042
64.04 74.2964 50.3185
64.04 80.025 50.1423
64.04 86.1954 49.9763
64.04 92.8415 49.821
64.04 100. 49.6759
68.9779 10. 65.2765
68.9779 10.7711 64.9954
68.9779 11.6016 64.6934
68.9779 12.4961 64.369
68.9779 13.4596 64.0207
68.9779 14.4974 63.6467
68.9779 15.6152 63.2452
68.9779 16.8192 62.8145
68.9779 18.1161 62.3526
68.9779 19.5129 61.8575
68.9779 21.0175 61.3269
68.9779 22.638 60.7588
68.9779 24.3835 60.1506
68.9779 26.2636 59.5002
68.9779 28.2887 58.8049
68.9779 30.4699 58.0624
68.9779 32.8193 57.2699
68.9779 35.3498 56.6411
68.9779 38.0755 56.4182
68.9779 41.0113 56.1974
68.9779 44.1734 55.9693
68.9779 47.5794 55.7387
68.9779 51.2481 55.507
68.9779 55.1995 55.2762
68.9779 59.4557 55.0482
68.9779 64.04 54.8247
68.9779 68.9779 54.6075
68.9779 74.2964 54.3978
68.9779 80.025 54.1977
68.9779 86.1954 54.0084
68.9779 92.8415 53.8296
68.9779 100. 53.6596
74.2964 10. 70.5913
74.2964 10.7711 70.3096
74.2964 11.6016 70.0069
74.2964 12.4961 69.6816
74.2964 13.4596 69.3322
74.2964 14.4974 68.957
74.2964 15.6152 68.5541
74.2964 16.8192 68.1217
74.2964 18.1161 67.6579
74.2964 19.5129 67.1603
74.2964 21.0175 66.627
74.2964 22.638 66.0555
74.2964 24.3835 65.4432
74.2964 26.2636 64.7884
74.2964 28.2887 64.0879
74.2964 30.4699 63.3391
74.2964 32.8193 62.5393
74.2964 35.3498 61.6857
74.2964 38.0755 61.0076
74.2964 41.0113 60.7718
74.2964 44.1734 60.5304
74.2964 47.5794 60.2848
74.2964 51.2481 60.0363
74.2964 55.1995 59.7868
74.2964 59.4557 59.5384
74.2964 64.04 59.2928
74.2964 68.9779 59.0517
74.2964 74.2964 58.8178
74.2964 80.025 58.5927
74.2964 86.1954 58.3772
74.2964 92.8415 58.1728
74.2964 100. 57.9804
80.025 10. 76.3165
80.025 10.7711 76.0343
80.025 11.6016 75.7308
80.025 12.4961 75.4048
80.025 13.4596 75.0544
80.025 14.4974 74.6781
80.025 15.6152 74.2739
80.025 16.8192 73.84
80.025 18.1161 73.3743
80.025 19.5129 72.8746
80.025 21.0175 72.3387
80.025 22.638 71.7643
80.025 24.3835 71.1488
80.025 26.2636 70.4896
80.025 28.2887 69.7841
80.025 30.4699 69.0293
80.025 32.8193 68.2229
80.025 35.3498 67.3614
80.025 38.0755 66.442
80.025 41.0113 65.7114
80.025 44.1734 65.4577
80.025 47.5794 65.1976
80.025 51.2481 64.9332
80.025 55.1995 64.6655
80.025 59.4557 64.3968
80.025 64.04 64.129
80.025 68.9779 63.8644
80.025 74.2964 63.6051
80.025 80.025 63.3531
80.025 86.1954 63.1103
80.025 92.8415 62.8783
80.025 100. 62.6579
86.1954 10. 82.4837
86.1954 10.7711 82.2009
86.1954 11.6016 81.8969
86.1954 12.4961 81.5701
86.1954 13.4596 81.2189
86.1954 14.4974 80.8415
86.1954 15.6152 80.4361
86.1954 16.8192 80.0008
86.1954 18.1161 79.5334
86.1954 19.5129 79.0318
86.1954 21.0175 78.4936
86.1954 22.638 77.9164
86.1954 24.3835 77.2977
86.1954 26.2636 76.6347
86.1954 28.2887 75.9247
86.1954 30.4699 75.1648
86.1954 32.8193 74.352
86.1954 35.3498 73.4832
86.1954 38.0755 72.5553
86.1954 41.0113 71.565
86.1954 44.1734 70.7781
86.1954 47.5794 70.5047
86.1954 51.2481 70.2249
86.1954 55.1995 69.9399
86.1954 59.4557 69.6516
86.1954 64.04 69.3621
86.1954 68.9779 69.0737
86.1954 74.2964 68.7912
86.1954 80.025 68.5094
86.1954 86.1954 68.238
86.1954 92.8415 67.9765
86.1954 100. 67.7265
92.8415 10. 89.1269
92.8415 10.7711 88.8436
92.8415 11.6016 88.539
92.8415 12.4961 88.2115
92.8415 13.4596 87.8596
92.8415 14.4974 87.4813
92.8415 15.6152 87.0748
92.8415 16.8192 86.6382
92.8415 18.1161 86.1693
92.8415 19.5129 85.6658
92.8415 21.0175 85.1255
92.8415 22.638 84.5459
92.8415 24.3835 83.9242
92.8415 26.2636 83.2577
92.8415 28.2887 82.5436
92.8415 30.4699 81.7789
92.8415 32.8193 80.9604
92.8415 35.3498 80.0848
92.8415 38.0755 79.1491
92.8415 41.0113 78.1482
92.8415 44.1734 77.0831
92.8415 47.5794 76.2355
92.8415 51.2481 75.9412
92.8415 55.1995 75.6396
92.8415 59.4557 75.3326
92.8415 64.04 75.0221
92.8415 68.9779 74.7103
92.8415 74.2964 74.3997
92.8415 80.025 74.0927
92.8415 86.1954 73.7918
92.8415 92.8415 73.4995
92.8415 100. 73.2178
100. 10. 96.2828
100. 10.7711 95.9991
100. 11.6016 95.6939
100. 12.4961 95.3658
100. 13.4596 95.0131
100. 14.4974 94.634
100. 15.6152 94.2265
100. 16.8192 93.7887
100. 18.1161 93.3184
100. 19.5129 92.8134
100. 21.0175 92.2711
100. 22.638 91.6892
100. 24.3835 91.0648
100. 26.2636 90.3952
100. 28.2887 89.6773
100. 30.4699 88.907
100. 32.8193 88.0844
100. 35.3498 87.1978
100. 38.0755 86.2598
100. 41.0113 85.2519
100. 44.1734 84.1754
100. 47.5794 83.0266
100. 51.2481 82.1136
100. 55.1995 81.7966
100. 59.4557 81.4718
100. 64.04 81.1411
100. 68.9779 80.8066
100. 74.2964 80.4708
100. 80.025 80.1362
100. 86.1954 79.8056
100. 92.8415 79.4815
100. 100. 79.1667
